version https://git-lfs.github.com/spec/v1
oid sha256:2abcc3f5c74e457c50eabe59e0bc238bf375c705df5ab20dfc5bbe1647c8b896
size 1657929
